1305031102.175304 0.000000 0.000000 0.000000 0.000000 0.000000 0.000000 1.000000
1305031102.211214 -0.643244 0.759113 -0.099923 0.009849 0.007392 0.004744 0.999913
1305031102.243211 -0.296064 0.506726 -0.569345 0.013532 0.007479 0.004278 0.999871
1305031102.275326 -0.281407 0.409197 -0.863780 0.017435 0.009871 0.004424 0.999789
1305031102.311267 0.247176 -0.452966 -1.472348 0.012021 0.007901 0.004600 0.999886
1305031102.343233 -0.126217 0.107979 -2.210913 0.018057 0.014583 0.006749 0.999708
1305031102.375329 0.030420 -0.121680 -2.374928 0.018101 0.013775 0.005491 0.999726
1305031102.411258 0.179185 -0.105243 -2.554605 0.020447 0.014214 0.005920 0.999672
1305031102.443271 0.099246 0.392072 -2.749058 0.028498 0.017960 0.012744 0.999351
1305031102.475318 0.904929 -0.969818 -3.009885 0.022574 0.011375 0.009159 0.999639
1305031102.511219 0.568042 -1.564457 -3.543140 0.020825 0.013335 0.011420 0.999629
1305031102.543220 1.473248 -1.225857 -3.741549 0.028387 0.001487 0.012274 0.999521
1305031102.575286 0.476052 -1.408528 -4.498298 0.027017 0.010676 0.014492 0.999473
1305031102.611233 0.629412 -1.412705 -5.208041 0.023090 0.006905 0.012341 0.999633
1305031102.643265 0.965540 -1.630012 -5.334089 0.019813 0.002540 0.011160 0.999738
1305031102.675285 1.064509 -1.826896 -5.672961 0.019518 0.002535 0.011455 0.999741
1305031102.711263 0.994899 -1.933061 -6.269875 0.018556 0.003674 0.010990 0.999761
1305031102.743234 1.307708 -2.579639 -6.548267 0.013314 0.000189 0.010808 0.999853
1305031102.775472 1.249315 -2.543354 -7.192603 0.015142 -0.000843 0.013008 0.999800
1305031102.811232 1.433582 -2.839391 -7.613326 0.013240 -0.005450 0.014101 0.999798
1305031102.843290 1.565740 -3.302309 -8.238874 0.009424 -0.009628 0.015259 0.999793
1305031102.875363 1.973998 -3.372031 -8.561573 0.008245 -0.016146 0.017323 0.999686
1305031102.911185 2.154140 -3.646391 -8.867493 0.005292 -0.019079 0.019428 0.999615
1305031102.943229 2.422326 -3.505652 -9.129019 0.007368 -0.021482 0.019480 0.999552
1305031102.975203 2.847030 -3.514238 -9.252687 0.008488 -0.020190 0.019796 0.999564
1305031103.011215 2.582505 -3.956062 -9.804107 0.005212 -0.012287 0.018451 0.999741
1305031103.043227 2.459200 -4.442688 -10.320863 0.001893 -0.006012 0.017734 0.999823
1305031103.075319 2.247727 -4.842620 -10.952253 -0.002911 -0.001702 0.017033 0.999849
1305031103.111240 2.698157 -5.114936 -10.871669 -0.005475 -0.007244 0.017768 0.999801
1305031103.143318 2.672968 -5.683072 -11.328985 -0.009970 -0.006874 0.017324 0.999777
1305031103.175452 3.060272 -5.834424 -11.422123 -0.010045 -0.012423 0.017410 0.999721
1305031103.211220 3.268594 -5.872363 -11.650284 -0.005607 -0.014887 0.017256 0.999725
1305031103.243216 3.317264 -6.224790 -11.942865 -0.003278 -0.016066 0.014369 0.999762
1305031103.275370 3.547057 -5.892522 -11.985009 0.008263 -0.016904 0.008911 0.999783
1305031103.311210 3.089309 -5.859291 -12.684296 0.011888 -0.004787 0.009360 0.999874
1305031103.343223 2.736332 -6.330492 -13.014060 0.006954 0.001856 0.012466 0.999896
1305031103.375327 2.310474 -6.505310 -13.422406 0.006772 0.005180 0.012063 0.999891
1305031103.411260 2.359016 -6.046075 -13.470080 0.012117 0.004384 0.008797 0.999878
1305031103.443280 2.124471 -5.916973 -13.346741 0.013169 0.008943 0.008859 0.999834
1305031103.475274 1.915694 -5.674877 -13.286709 0.014657 0.013547 0.010186 0.999749
1305031103.511333 1.702343 -5.639872 -13.182274 0.012027 0.017361 0.011332 0.999713
1305031103.543444 1.433015 -5.275032 -13.041247 0.011641 0.021697 0.012230 0.999622
1305031103.575474 1.455751 -4.848109 -12.534284 0.012842 0.022899 0.010673 0.999598
1305031103.611223 1.210508 -4.504031 -12.178591 0.014131 0.028083 0.007327 0.999479
1305031103.643445 0.752723 -4.305249 -11.936562 0.013257 0.036442 0.006220 0.999228
1305031103.675523 0.606823 -3.819635 -11.460826 0.015714 0.040098 0.007018 0.999048
1305031103.711610 0.311298 -3.904314 -11.188890 0.012133 0.044263 0.006783 0.998923
1305031103.743326 0.077305 -3.514313 -10.857595 0.013144 0.046719 0.006195 0.998802
1305031103.775342 0.117157 -3.295040 -10.265868 0.012676 0.046463 0.009002 0.998799
1305031103.811242 0.331446 -3.065901 -9.600969 0.015399 0.043608 0.011059 0.998869
1305031103.843251 0.505102 -2.465077 -8.858509 0.024799 0.042109 0.012072 0.998732
1305031103.875361 -0.018556 -1.678650 -8.735449 0.036634 0.050657 0.012614 0.997964
1305031103.911221 -0.488880 -1.588704 -8.590685 0.035144 0.059427 0.011906 0.997543
1305031103.943211 -0.681790 -1.335274 -8.086330 0.035839 0.064048 0.012315 0.997227
1305031103.975373 -1.007449 -1.316814 -7.723710 0.033616 0.069220 0.012299 0.996959
1305031104.011232 -1.268599 -1.230869 -7.459621 0.029643 0.072211 0.013347 0.996859
1305031104.043249 -1.430438 -1.114125 -7.005351 0.024197 0.071434 0.015198 0.997036
1305031104.075425 -1.338600 -1.206904 -6.395154 0.020221 0.066525 0.017808 0.997421
1305031104.111235 -1.534579 -1.096603 -6.163451 0.017592 0.063504 0.018293 0.997659
1305031104.143230 -1.703415 -0.724707 -5.734853 0.016520 0.060496 0.017309 0.997882
1305031104.175424 -1.632772 -0.475630 -5.169029 0.015200 0.057199 0.016682 0.998108
1305031104.211283 -1.962801 -0.188719 -4.922370 0.013656 0.058513 0.015544 0.998072
1305031104.243196 -1.931916 -0.118598 -4.450736 0.009850 0.056356 0.014810 0.998252
1305031104.275546 -1.964970 -0.118110 -4.032259 0.005606 0.054450 0.014868 0.998390
1305031104.311219 -2.143921 -0.015629 -3.738640 0.003009 0.053443 0.014330 0.998464
1305031104.343342 -1.953003 0.022410 -3.233096 0.000503 0.047486 0.014028 0.998773
1305031104.375837 -1.922343 0.145681 -2.858509 0.000018 0.042727 0.012856 0.999004
1305031104.411509 -1.915416 0.490632 -2.506403 0.002270 0.039323 0.010850 0.999165
1305031104.443288 -1.762281 0.784569 -1.973013 0.005160 0.036798 0.008618 0.999272
1305031104.475456 -1.779153 0.989507 -1.689754 0.007711 0.039003 0.006301 0.999189
1305031104.511329 -1.989028 1.242848 -1.537724 0.009073 0.044315 0.003518 0.998970
1305031104.543368 -2.041892 1.289939 -1.261420 0.005954 0.046982 0.002457 0.998875
1305031104.575343 -2.237902 1.199747 -1.227655 -0.000361 0.048603 0.002974 0.998814
1305031104.611336 -2.598253 1.054110 -1.306224 -0.012747 0.047533 0.002242 0.998786
1305031104.643243 -2.395083 1.117732 -0.755759 -0.023867 0.037189 0.001267 0.999022
1305031104.675525 -2.739200 1.010858 -0.876068 -0.036786 0.033075 -0.000082 0.998776
1305031104.711277 -2.742544 1.238477 -0.625000 -0.048472 0.025493 -0.004599 0.998489
1305031104.743280 -2.880246 1.139823 -0.413506 -0.062485 0.019378 -0.006775 0.997835
1305031104.775327 -2.925460 1.133851 -0.284745 -0.074432 0.012676 -0.009320 0.997102
1305031104.811465 -2.900848 1.054419 -0.004063 -0.085808 0.004929 -0.012564 0.996220
1305031104.843258 -2.839476 0.950906 0.208200 -0.094828 -0.002444 -0.014880 0.995379
1305031104.875350 -2.642762 0.758902 0.571923 -0.102042 -0.007720 -0.016172 0.994619
1305031104.911534 -2.669851 0.864932 0.635393 -0.102456 -0.008535 -0.018639 0.994526
1305031104.943262 -2.623212 0.704806 0.712387 -0.104872 -0.009782 -0.018259 0.994270
1305031104.975202 -2.318716 0.720772 0.858717 -0.102748 -0.012509 -0.018221 0.994462
1305031105.011290 -2.358267 0.652397 0.724078 -0.097708 -0.011650 -0.018202 0.994980
1305031105.043373 -2.093036 0.468273 0.723694 -0.093183 -0.013980 -0.015448 0.995431
1305031105.075320 -2.095771 0.445145 0.497444 -0.085430 -0.012892 -0.013499 0.996169
1305031105.111299 -1.946413 0.572169 0.322383 -0.077723 -0.013239 -0.012766 0.996805
1305031105.143106 -1.384101 0.392529 0.489712 -0.072242 -0.016450 -0.008897 0.997212
1305031105.175159 -1.094337 0.133078 0.336514 -0.060552 -0.015735 -0.002524 0.998038
1305031105.211268 -1.144430 0.612014 -0.174577 -0.043000 -0.010245 -0.003729 0.999016
1305031105.243270 -0.909908 0.836448 -0.266522 -0.031674 -0.006760 -0.001541 0.999474
1305031105.275288 -0.487448 0.550559 -0.342629 -0.023759 -0.004268 0.000103 0.999709
1305031105.311290 -0.675177 0.644148 -0.981006 -0.012558 0.005898 0.000765 0.999903
1305031105.343302 -0.827269 0.495178 -1.955551 -0.006463 0.015453 0.001904 0.999858
1305031105.375338 -0.764916 0.554178 -2.468011 -0.002793 0.020116 0.001936 0.999792
1305031105.411286 -0.379153 0.350766 -2.580875 0.001105 0.020533 0.004166 0.999780
1305031105.443316 -0.793960 0.145273 -3.527791 0.004835 0.029396 0.005204 0.999543
1305031105.475280 -0.678128 0.122432 -3.913222 0.007631 0.031238 0.006398 0.999462
1305031105.511332 -0.536330 -0.194914 -4.356350 0.008689 0.032141 0.007604 0.999417
1305031105.543282 -0.653403 -0.343663 -5.025356 0.010433 0.034003 0.007144 0.999342
1305031105.575449 -0.592117 -0.378944 -5.484446 0.012585 0.034540 0.008104 0.999291
1305031105.611378 -0.733403 -0.540786 -6.132875 0.012706 0.036689 0.008598 0.999209
1305031105.643273 -0.430107 -0.574763 -6.545462 0.012793 0.033986 0.006424 0.999320
1305031105.675166 -0.505144 -1.108091 -7.091938 0.008863 0.035050 0.006857 0.999323
1305031105.711309 -0.500782 -1.124667 -7.661012 0.007389 0.032476 0.008246 0.999411
1305031105.743312 -0.266003 -1.708466 -8.128323 0.000127 0.026487 0.009635 0.999603
1305031105.775339 -0.319019 -1.907093 -8.752858 -0.001732 0.022632 0.010694 0.999685
1305031105.811283 0.007434 -2.160712 -9.126147 -0.005680 0.014692 0.010607 0.999820
1305031105.843271 0.007828 -2.577167 -9.677277 -0.011213 0.011407 0.011510 0.999806
1305031105.875337 0.547433 -3.419013 -9.910352 -0.019650 0.000858 0.010958 0.999747
1305031105.911262 0.598772 -3.582943 -10.359211 -0.018924 -0.003328 0.008642 0.999778
1305031105.943272 1.105091 -3.660224 -10.535646 -0.016837 -0.012024 0.007176 0.999760
1305031105.975329 1.325386 -3.934508 -10.850558 -0.015253 -0.016526 0.005942 0.999729
1305031106.011285 1.513611 -4.160679 -11.232172 -0.013633 -0.020640 0.004925 0.999682
1305031106.043355 1.757720 -4.371100 -11.617207 -0.011772 -0.024951 0.004934 0.999607
1305031106.075330 1.902882 -4.336553 -12.011930 -0.007513 -0.027094 0.003399 0.999599
1305031106.111327 1.934669 -4.210610 -12.199701 -0.000704 -0.027459 0.002432 0.999620
1305031106.143355 2.465543 -4.569708 -12.667985 0.000749 -0.031621 0.000863 0.999499
1305031106.175534 2.021541 -3.849695 -12.964615 0.012284 -0.025535 -0.000734 0.999598
1305031106.211275 2.558402 -4.499222 -13.446322 0.007458 -0.030006 -0.001432 0.999521
1305031106.243267 2.370315 -4.828882 -13.717265 0.004392 -0.026709 -0.003567 0.999627
1305031106.276385 2.600104 -5.110610 -13.730152 0.003673 -0.028166 -0.004921 0.999584
1305031106.311238 2.643415 -5.490662 -14.006074 0.002443 -0.027772 -0.005147 0.999598
1305031106.343258 2.732388 -5.799514 -13.996484 0.004716 -0.027981 -0.005829 0.999580
1305031106.375388 2.888371 -5.621571 -14.345938 0.012777 -0.029522 0.000974 0.999482
1305031106.411320 2.883124 -4.667501 -14.706313 0.025886 -0.032536 0.005584 0.999120
1305031106.443278 2.949969 -4.807236 -14.787287 0.024119 -0.034758 0.007538 0.999076
1305031106.475345 2.813948 -4.520701 -14.556688 0.026769 -0.032373 0.008674 0.999080
1305031106.511129 2.588185 -4.285128 -14.434123 0.027595 -0.027203 0.006365 0.999229
1305031106.543302 2.197789 -3.035944 -14.062802 0.038621 -0.020047 0.008577 0.999016
1305031106.575282 2.573764 -3.937261 -13.667345 0.026379 -0.022530 0.008737 0.999360
1305031106.611151 2.472004 -3.757964 -13.279027 0.028497 -0.018993 0.009090 0.999372
1305031106.643207 1.989574 -3.179038 -13.023381 0.033497 -0.011159 0.012900 0.999293
1305031106.675279 1.895257 -2.462243 -12.253640 0.040326 -0.007795 0.011275 0.999093
1305031106.711508 1.446268 -2.675819 -12.244810 0.038657 0.002391 0.010845 0.999191
1305031106.743341 1.213193 -2.393969 -11.635991 0.040527 0.009960 0.008964 0.999089
1305031106.775390 0.836314 -2.169247 -11.206720 0.042069 0.018814 0.007859 0.998907
1305031106.811289 0.630409 -1.729942 -10.571643 0.047194 0.024471 0.010148 0.998534
1305031106.843416 0.137732 -1.578511 -10.415166 0.048138 0.033707 0.008682 0.998234
1305031106.875905 -0.156592 -1.712731 -10.036146 0.041409 0.039411 0.012598 0.998285
1305031106.911243 0.017205 -1.362488 -9.020237 0.042932 0.037240 0.017343 0.998233
1305031106.943439 -0.363926 -0.911645 -8.672508 0.045553 0.040992 0.019748 0.997925
1305031106.975547 -0.668014 -0.843865 -8.412202 0.040206 0.043497 0.021337 0.998016
1305031107.011576 -0.532799 -0.618796 -7.310689 0.038158 0.039404 0.024787 0.998187
1305031107.043281 -0.653586 -0.332990 -6.905202 0.040806 0.039029 0.025111 0.998089
1305031107.075432 -0.740594 -0.135615 -6.447057 0.038147 0.040104 0.022273 0.998219
1305031107.111229 -0.722855 0.023873 -5.633018 0.035971 0.040408 0.022909 0.998273
1305031107.143260 -0.838715 0.046371 -5.144983 0.034993 0.040832 0.023064 0.998287
1305031107.175399 -1.182185 0.373943 -4.952855 0.035531 0.043194 0.022600 0.998179
1305031107.211358 -1.493912 0.383277 -4.758605 0.029212 0.044606 0.023069 0.998311
1305031107.243378 -1.366709 0.391580 -4.126713 0.023749 0.040054 0.022615 0.998659
1305031107.275398 -1.458601 0.499514 -3.790186 0.018999 0.037720 0.022530 0.998854
1305031107.311226 -1.632206 0.591169 -3.553820 0.012372 0.036057 0.022820 0.999013
1305031107.343509 -1.915033 0.533193 -3.448782 0.000802 0.035471 0.021896 0.999130
1305031107.375413 -1.781072 0.501614 -2.803760 -0.007595 0.028367 0.021396 0.999340
1305031107.411271 -1.874319 0.400591 -2.594280 -0.014990 0.024257 0.022276 0.999345
1305031107.443419 -1.839294 0.273468 -2.246738 -0.021386 0.018498 0.022486 0.999347
1305031107.475377 -1.754403 0.165506 -1.927082 -0.025850 0.012072 0.021525 0.999361
1305031107.511352 -1.815182 0.146698 -1.904927 -0.026566 0.008858 0.021174 0.999384
1305031107.543605 -1.769775 0.041452 -1.810462 -0.025450 0.004721 0.020188 0.999461
1305031107.575454 -2.106860 -0.117040 -2.252321 -0.027408 0.006544 0.017794 0.999445
1305031107.611271 -1.642874 -0.044447 -1.733707 -0.026801 -0.001188 0.018066 0.999477
1305031107.643323 -1.395338 -0.001678 -1.424679 -0.022760 -0.006184 0.016095 0.999592
1305031107.675568 -1.596899 -0.033672 -1.716022 -0.022048 -0.004172 0.017007 0.999604
1305031107.711307 -1.360966 -0.001543 -1.502522 -0.019652 -0.006971 0.015688 0.999659
1305031107.743538 -1.303532 0.050926 -1.325288 -0.015104 -0.006378 0.014871 0.999755
1305031107.775802 -1.483540 0.040277 -1.717580 -0.012151 -0.001024 0.015873 0.999800
1305031107.811596 -1.372801 -0.063218 -1.601515 -0.011039 -0.000956 0.016964 0.999795
1305031107.843332 -1.270159 -0.077860 -1.544585 -0.008679 -0.002133 0.019001 0.999780
1305031107.875358 -1.496690 -0.117990 -1.850152 -0.008871 -0.001288 0.023506 0.999684
1305031107.911541 -1.488840 -0.205715 -1.907888 -0.010746 -0.005557 0.026237 0.999583
1305031107.943122 -1.651182 -0.531612 -2.323040 -0.016475 -0.007806 0.027741 0.999449
1305031107.975807 -1.793130 -0.394360 -2.401751 -0.017805 -0.012474 0.029688 0.999323
1305031108.011320 -1.786447 -0.752341 -2.196234 -0.025847 -0.020502 0.034561 0.998858
1305031108.043418 -1.852738 -0.900687 -2.633495 -0.029801 -0.029105 0.036164 0.998477
1305031108.075352 -2.196877 -1.035885 -2.980833 -0.033021 -0.036977 0.033916 0.998194
1305031108.111378 -2.291400 -1.055756 -3.154654 -0.036003 -0.044262 0.033946 0.997794
1305031108.143334 -2.150670 -1.846050 -3.518585 -0.047046 -0.051522 0.038961 0.996802
1305031108.176058 -2.362660 -1.566501 -3.594839 -0.042085 -0.056482 0.038333 0.996779
1305031108.211475 -3.002860 -1.468963 -4.068938 -0.036006 -0.053807 0.038173 0.997172
1305031108.243347 -2.898621 -1.699075 -4.288408 -0.039391 -0.062035 0.043312 0.996355
1305031108.275358 -3.147081 -1.982380 -4.735068 -0.042407 -0.065153 0.047458 0.995844
1305031108.311332 -3.210635 -2.149371 -4.866580 -0.040239 -0.068930 0.048456 0.995631
1305031108.343278 -3.175946 -2.181499 -5.023973 -0.035606 -0.071381 0.049366 0.995590
1305031108.375410 -2.889060 -2.825103 -5.332234 -0.038714 -0.073832 0.046079 0.995453
1305031108.411361 -3.071868 -2.363998 -5.054153 -0.030800 -0.074401 0.044274 0.995769
1305031108.443610 -3.208447 -2.605808 -5.232870 -0.030919 -0.075988 0.041899 0.995748
1305031108.475471 -3.648840 -2.476216 -5.662257 -0.027883 -0.073642 0.034824 0.996286
1305031108.511378 -3.883293 -2.918869 -6.003546 -0.035767 -0.077360 0.034752 0.995755
1305031108.543737 -3.788065 -3.074336 -6.095405 -0.042779 -0.087845 0.038688 0.994463
1305031108.575414 -3.809447 -3.683049 -6.098929 -0.053584 -0.094555 0.044111 0.993097
1305031108.611407 -3.896694 -3.502151 -6.578245 -0.051246 -0.101637 0.042523 0.992590
1305031108.643303 -4.664732 -3.168815 -7.766913 -0.039912 -0.094260 0.058812 0.993007
1305031108.675375 -1.208960 -0.097108 -8.514717 -0.000246 -0.175036 -0.025339 0.984236
1305031108.711411 -3.255454 -1.172910 -6.760595 -0.009569 -0.140204 0.006401 0.990056
1305031108.743502 -4.563167 -3.035268 -8.600230 -0.033000 -0.118646 0.055051 0.990860
